1.000000 1.000000 1.000000
0.956863 0.635294 0.776471
0.305882 0.803922 0.898039
0.980392 0.949020 0.454902
0.000000 0.729412 0.882353
0.847059 0.603922 0.960784
0.466667 0.921569 0.952941
1.000000 0.533333 0.415686
1.000000 0.827451 0.517647
0.494118 0.545098 0.996078
0.964706 0.964706 0.678431
0.984314 0.729412 0.729412
0.819608 1.000000 0.968627
0.835294 0.992157 0.788235
0.984314 0.898039 0.690196
0.654902 0.988235 0.956863
0.901961 0.674510 0.964706
0.678431 0.729412 0.964706
0.988235 0.972549 0.784314
0.666667 0.886275 0.980392
0.992157 0.694118 0.980392
0.862745 0.592157 0.866667
0.682353 0.541176 0.764706
0.525490 0.482353 0.662745
0.419608 0.427451 0.545098
0.423529 0.784314 0.792157
0.321569 0.560784 0.564706
0.133333 0.266667 0.270588
0.517647 0.529412 0.529412
0.200000 0.078431 0.164706
0.686275 0.780392 0.905882
0.650980 0.733333 0.866667
0.784314 0.760784 0.874510
0.670588 0.458824 0.643137
0.235294 0.094118 0.207843
0.180392 0.105882 0.105882
0.372549 0.400000 0.301961
0.921569 0.886275 0.721569
0.635294 0.396078 0.396078
0.066667 0.078431 0.231373
0.266667 0.321569 0.478431
0.298039 0.231373 0.360784
0.345098 0.478431 0.329412
0.588235 0.537255 0.235294
0.360784 0.325490 0.360784
0.784314 0.835294 0.780392
0.866667 0.866667 0.866667
0.800000 0.800000 0.800000
0.682353 0.537255 0.537255
0.525490 0.564706 0.525490
0.403922 0.086275 0.388235
0.294118 0.066667 0.282353
0.184314 0.043137 0.176471
0.074510 0.015686 0.074510
0.000000 0.000000 0.000000
0.450980 0.552941 0.431373
0.364706 0.478431 0.341176
0.309804 0.435294 0.290196
0.227451 0.376471 0.223529
0.113725 0.227451 0.133333
0.835294 0.588235 0.000000
0.956863 0.760784 0.141176
1.000000 0.847059 0.211765
1.000000 0.921569 0.439216
1.000000 0.964706 0.603922
0.803922 0.411765 0.647059
0.803922 0.411765 0.709804
0.803922 0.411765 0.772549
0.803922 0.411765 0.835294
0.803922 0.411765 0.898039
0.000000 0.000000 0.000000
0.031373 0.274510 0.145098
0.717647 0.121569 0.345098
0.662745 0.505882 0.505882
0.690196 0.690196 0.690196
0.588235 0.807843 0.666667
0.549020 0.780392 0.631373
0.517647 0.721569 0.584314
0.470588 0.682353 0.549020
0.470588 0.639216 0.533333
1.000000 0.180392 0.529412
1.000000 0.298039 0.470588
1.000000 0.380392 0.380392
1.000000 0.647059 0.470588
1.000000 0.839216 0.517647
0.964706 0.341176 0.427451
0.513725 0.560784 0.611765
0.247059 0.423529 0.721569
0.925490 0.768627 0.400000
0.513726 0.784314 0.917647
0.980392 0.984314 0.717647
0.890196 0.976471 0.643137
0.980392 0.796078 0.984314
1.000000 0.439216 0.439216
0.803922 0.960784 0.976471
0.839216 0.835294 1.000000
0.874510 0.835294 1.000000
0.905882 0.835294 1.000000
0.933333 0.835294 1.000000
0.964706 0.835294 1.000000
0.388235 0.301961 0.698039
0.509804 0.603922 0.800000
1.000000 0.933333 0.015686
0.764706 0.407843 0.247059
0.678431 0.250980 0.145098
0.388235 0.000000 0.074510
0.588235 0.000000 0.094118
0.764706 0.007843 0.105882
0.925490 0.003922 0.098039
0.964706 0.039216 0.180392
0.000000 0.000000 0.000000
0.058824 0.000000 0.007843
0.250980 0.000000 0.035294
0.003922 0.388235 0.125490
1.000000 0.949020 0.000000
0.403922 0.509804 0.552941
0.372549 0.470588 0.513725
0.325490 0.411765 0.447059
0.000000 0.407843 0.545098
0.325490 0.364706 0.447059